000129
000500
000508
001257
001258
001355
001504
001566
001567
001819
002106
002139
002212
002222
002341
002371
002413
002498
002535
162414
200012
202101
260112
650002
000480
000668
000849
000850
000877
000910
000973
000979
001229
001471
001564
001712
001755
001810
001928
002149
002214
002461
233005
519163
519646
000419
000619
000774
001112
001837
001927
080003
110022
180012
260103
000363
000753
000754
002462
002494
070009
160127
519745
519768
650001
000527
000577
001179
001371
002361
040011
110011
169101
519162
519769
519770
519771
000628
164105
169103
002452
000174
000286
001777
001875
002138
002334
002335
002422
002618
002619
169102
540006
000974
002421
519743
164703
000914
519153
519676
519152
165517
